1 0.032808 0.393700 0.00001 0.000006 0.01 10 0.010936
30.48 1 12 0.000304 0.000189 0.3048 304.8 0.333333
2.54 0.083333 1 0.000025 0.000015 0.0254 25.4 0.027777
100000 3280.83 39370.07 1 0.621371 1000 1000000 1093.61
160934.4 160934.4 63360.0 1.60934 1 1609.344 1609344 1759.99
100 3.28083 39.3700 0.001 0.00062 1 1000 1.09361
0.1 0.00328 0.03937 0.000001 6.21371 0.001 1 0.00109
91.4400 3 36 0.00091 0.00056 0.91440 914.40 1

1 0.02471 1000000 1076.426 0.01 154990.70 0.0001 100 100000000 119.598
40.4685 1 40468561.19 43561.42 0.40468 6272250.64 0.00404 4046.856 4046856119 4839.996
0.000001 2.47105 1 0.00107 1e-8 0.154990 1e-10 0.0001 100.000 0.000119
0.000928 0.0000229 928.999 1 0.0000092 143.986 9.2899 0.0929 92900 0.111107
100 2.47105 100000000 107642.6264 1 15499070.055 0.01 10000 10000000000 11959.893
0.0000064 1.59432 6.451999 0.00694 6.452e-8 1 6.452e-10 0.0006452 645.2 0.000771
10000 247.10 10000000000 10764262.64 100 1549907005.57 1 1000000 1000000000000 1195989.39
0.01 0.000247 10000 10.7642 0.0001 1549.907 0.000001 1 1000000 1.1959
1e-8 2.471 0.0099 0.0000107 9.999999999999999e-11 0.001549 1e-12 0.000001 1 0.0000011
0.008361 0.000206 8361.278 9.000299 0.000083 1295.920 8.36127 0.83612 836127.816 1

1 10.000002 0.1 0.01 0.00035 0.00264 0.61023 0.01 0.00001 10.000002 0.000013
0.0999 1 0.00999 0.001 0.000035 0.00026 0.06102 0.001 0.000001 1 0.000001
10 100 1 0.1 0.00353 0.02642 6.1023 0.1 0.0001 100 0.00013
100 1000 10 1 0.03531 0.26420 61.0237 1 0.001 1000 0.00130
2832 28320 283.2 28.32 1 7.4821 1728.19 28.32 0.02832 28320 0.03704
378.5 3785 37.85 3.785 0.13365 1 230.974 3.785 0.003785 3785 0.004950
1.63870 16.387 0.16387 0.016387 0.000578 0.004329 1 0.016387 0.000016 16.3870 0.000021
100 1000 10 1 0.03531 0.2642 61.023 1 0.001 1000 0.00130
9999.99 1000000 10000 1000 35.3107 264.200 61023.74 1000 1 1000000 1.30794
0.09999 1 0.00999 0.001 0.000035 0.000264 0.061023 0.001 0.000001 1 0.00000130
76456 764560 7645.5999 764.56 26.9971 201.997 46656.313 764.56 0.76456 764560 1

1 7 168 10080 604800 604800 60480000
0.14285 1 24 1440 86400 864000 8640000
0.005952 0.041666 1 60 3600 36000 360000
0.000099 0.00069 0.01666 1 60 600 6000
0.0000016534 0.0000115 0.000277 0.01666 1 10 100
1.6534391534391535e-7 0.0000011574 0.00002777 0.001666 0.1 1 10
1.6534391534391535e-8 1.1574074074074074e-7 0.00000277 0.0001666 0.01 0.099999 1

1 118.109 0.03280 0.03599 0.00001 35.9999 0.01 0.022369
0.008466 1 0.000277 0.0003048 8.4667e-8 0.304800 0.000084667 0.00018939
30.48 3599.9858 1 1.097279 0.0003048 1097.27912 0.3048 0.68181
27.77777 3280.827 0.911344 1 0.0002777 999.999208 0.277777 0.621371
100000 11810977.1221 3280.8398 3599.999 1 3599997.120 1000 2236.93629
0.027777 3.28082 0.000911 0.00100 2.77778e-7 1 0.000277 0.000621
100 11810.9771 3.28083 3.59999 0.001 3599.9971 1 2.23693
44.704 5279.9792 1.4666 1.6093 0.000447 1609.3427 0.44704 1

1 33.8 274.15 493.47
-17.222222 1 255.92777 460.67
-272.15 -457.87 1 1.8000
-272.5944 -458.6699 0.55555 1

1 0.001 0.0022046 1000.00 0.03215 0.000001
1000 1 2.20462 1000000 32.1507 0.001
453.592 0.453592 1 453592 14.5833 0.0004535
0.001 0.000001 0.00000220 1 0.000032150 9.999999999999999e-10
31.10349 0.0311035 0.0685715 31103.5 1 0.000031103
1000000 1000 2204.6244 1000000000 32150.72258 1

1 0.001 2.7777777777777776e-7
1000 1 0.0002777777777777778
3600000 3600 1

1 1.03393 760.0020 0.1013252 101325.2738 760.00205
0.967182 1 735.06044 0.098 98000 735.06044
0.0013157 0.0013604 1 0.00013332 133.322368421 1
9.8692059 10.204081 7500.61682 1 1000000 7500.6168
0.000009869 0.00001020 0.0075006 0.000001 1 0.0075006
0.00131578 0.0013604 1 0.0001333 133.322368421 1

1 0.001
1000 1

1 0.2642
3.785 1

